1

1  0  0  0  
0  0  0  0  
0  0  0  0  
0  0  0  0  


2

1  0  0  0  
0  0  2  0  
0  0  0  0  
0  0  0  0  


3

1  0  0  0  
0  0  2  0  
3  0  0  0  
0  0  0  0  


4

1  0  0  0  
0  0  2  0  
3  0  0  0  
0  0  4  0  


5

1  0  0  0  
0  0  2  5  
3  0  0  0  
0  0  4  0  


6

1  0  0  0  
0  0  2  5  
3  6  0  0  
0  0  4  0  


7

1  0  0  0  
0  0  2  5  
3  6  0  0  
0  0  4  7  


7

1  0  7  0  
0  0  2  5  
3  6  0  0  
0  0  4  0  


8

1  0  7  0  
8  0  2  5  
3  6  0  0  
0  0  4  0  


9

1  0  7  0  
8  0  2  5  
3  6  9  0  
0  0  4  0  


10

1  0  7  0  
8  0  2  5  
3  6  9  0  
10 0  4  0  


11

1  0  7  0  
8  11 2  5  
3  6  9  0  
10 0  4  0  


12

1  0  7  0  
8  11 2  5  
3  6  9  12 
10 0  4  0  


13

1  0  7  0  
8  11 2  5  
3  6  9  12 
10 13 4  0  


12

1  0  7  12 
8  11 2  5  
3  6  9  0  
10 0  4  0  


10

1  0  7  10 
8  0  2  5  
3  6  9  0  
0  0  4  0  


11

1  0  7  10 
8  11 2  5  
3  6  9  0  
0  0  4  0  


12

1  0  7  10 
8  11 2  5  
3  6  9  12 
0  0  4  0  


13

1  0  7  10 
8  11 2  5  
3  6  9  12 
0  13 4  0  


12

1  0  7  10 
8  11 2  5  
3  6  9  0  
12 0  4  0  


10

1  10 7  0  
8  0  2  5  
3  6  9  0  
0  0  4  0  


9

1  0  7  0  
8  0  2  5  
3  6  0  0  
0  9  4  0  


10

1  0  7  0  
8  0  2  5  
3  6  0  10 
0  9  4  0  


11

1  0  7  0  
8  11 2  5  
3  6  0  10 
0  9  4  0  


12

1  0  7  12 
8  11 2  5  
3  6  0  10 
0  9  4  0  


13

1  0  7  12 
8  11 2  5  
3  6  13 10 
0  9  4  0  


14

1  0  7  12 
8  11 2  5  
3  6  13 10 
14 9  4  0  


14

1  14 7  12 
8  11 2  5  
3  6  13 10 
0  9  4  0  


12

1  0  7  0  
8  11 2  5  
3  6  0  10 
12 9  4  0  


13

1  0  7  0  
8  11 2  5  
3  6  13 10 
12 9  4  0  


14

1  0  7  14 
8  11 2  5  
3  6  13 10 
12 9  4  0  


14

1  14 7  0  
8  11 2  5  
3  6  13 10 
12 9  4  0  


8

1  0  7  0  
0  0  2  5  
3  6  0  8  
0  0  4  0  


9

1  0  7  0  
0  0  2  5  
3  6  0  8  
0  9  4  0  


10

1  0  7  0  
10 0  2  5  
3  6  0  8  
0  9  4  0  


11

1  0  7  0  
10 0  2  5  
3  6  11 8  
0  9  4  0  


12

1  0  7  0  
10 0  2  5  
3  6  11 8  
12 9  4  0  


13

1  0  7  0  
10 13 2  5  
3  6  11 8  
12 9  4  0  


14

1  0  7  14 
10 13 2  5  
3  6  11 8  
12 9  4  0  


12

1  0  7  12 
10 0  2  5  
3  6  11 8  
0  9  4  0  


13

1  0  7  12 
10 13 2  5  
3  6  11 8  
0  9  4  0  


14

1  0  7  12 
10 13 2  5  
3  6  11 8  
14 9  4  0  


12

1  12 7  0  
10 0  2  5  
3  6  11 8  
0  9  4  0  


9

1  0  7  0  
0  9  2  5  
3  6  0  8  
0  0  4  0  


10

1  0  7  10 
0  9  2  5  
3  6  0  8  
0  0  4  0  


11

1  0  7  10 
0  9  2  5  
3  6  11 8  
0  0  4  0  


12

1  0  7  10 
0  9  2  5  
3  6  11 8  
12 0  4  0  


12

1  0  7  10 
12 9  2  5  
3  6  11 8  
0  0  4  0  


13

1  0  7  10 
12 9  2  5  
3  6  11 8  
0  13 4  0  


12

1  12 7  10 
0  9  2  5  
3  6  11 8  
0  0  4  0  


10

1  0  7  0  
0  9  2  5  
3  6  0  8  
10 0  4  0  


11

1  0  7  0  
0  9  2  5  
3  6  11 8  
10 0  4  0  


12

1  0  7  0  
12 9  2  5  
3  6  11 8  
10 0  4  0  


13

1  0  7  0  
12 9  2  5  
3  6  11 8  
10 13 4  0  


12

1  0  7  12 
0  9  2  5  
3  6  11 8  
10 0  4  0  


12

1  12 7  0  
0  9  2  5  
3  6  11 8  
10 0  4  0  


6

1  6  0  0  
0  0  2  5  
3  0  0  0  
0  0  4  0  


7

1  6  0  0  
0  0  2  5  
3  0  7  0  
0  0  4  0  


8

1  6  0  0  
0  0  2  5  
3  0  7  0  
8  0  4  0  


9

1  6  0  0  
0  9  2  5  
3  0  7  0  
8  0  4  0  


10

1  6  0  0  
0  9  2  5  
3  0  7  10 
8  0  4  0  


11

1  6  0  0  
0  9  2  5  
3  0  7  10 
8  11 4  0  


12

1  6  0  0  
12 9  2  5  
3  0  7  10 
8  11 4  0  


13

1  6  13 0  
12 9  2  5  
3  0  7  10 
8  11 4  0  


14

1  6  13 0  
12 9  2  5  
3  14 7  10 
8  11 4  0  


15

1  6  13 0  
12 9  2  5  
3  14 7  10 
8  11 4  15 



1  6  13 0  
12 9  2  5  
3  16 7  10 
8  11 4  15 


